FR0010205880;18/12/09;0,20;0,21;0,20;0,21;16400
FR0010246314;18/12/09;1,38;1,38;1,38;1,38;740
FR0010513333;18/12/09;0,44;0,48;0,44;0,48;5000
FR0010552687;18/12/09;0,08;0,08;0,08;0,08;17500
FR0010590455;18/12/09;0,09;0,09;0,09;0,09;122000
FR0010594762;18/12/09;0,19;0,20;0,19;0,19;160900
FR0010594986;18/12/09;0,06;0,06;0,05;0,05;454900
FR0010600924;18/12/09;1,49;1,49;1,49;1,49;1400
FR0010635060;18/12/09;0,11;0,11;0,11;0,11;54600
FR0010635516;18/12/09;0,06;0,06;0,06;0,06;659670
FR0010643098;18/12/09;0,03;0,03;0,03;0,03;20000
FR0010643338;18/12/09;0,25;0,25;0,23;0,24;26000
FR0010645044;18/12/09;0,16;0,16;0,16;0,16;25000
FR0010652313;18/12/09;0,26;0,27;0,22;0,22;168759
FR0010674119;18/12/09;1,91;1,91;1,73;1,74;3200
FR0010674127;18/12/09;1,20;1,22;1,10;1,13;73600
FR0010674135;18/12/09;0,33;0,33;0,33;0,33;60000
FR0010674150;18/12/09;1,92;1,92;1,92;1,92;800
FR0010676957;18/12/09;0,26;0,26;0,25;0,25;48000
FR0010677294;18/12/09;0,14;0,14;0,14;0,14;10500
FR0010677427;18/12/09;0,22;0,22;0,22;0,22;24770
FR0010677450;18/12/09;0,33;0,33;0,32;0,32;16000
FR0010679472;18/12/09;0,06;0,06;0,05;0,05;325750
FR0010694448;18/12/09;0,58;0,58;0,55;0,57;157200
FR0010694620;18/12/09;0,05;0,05;0,05;0,05;17000
FR0010694646;18/12/09;0,10;0,10;0,10;0,10;6333
FR0010694935;18/12/09;0,11;0,12;0,10;0,10;112000
FR0010694968;18/12/09;0,55;0,56;0,54;0,54;10900
FR0010716084;18/12/09;0,13;0,14;0,11;0,11;62786
FR0010716100;18/12/09;0,46;0,46;0,46;0,46;18600
FR0010723601;18/12/09;0,09;0,09;0,08;0,08;94722
FR0010723619;18/12/09;0,41;0,41;0,41;0,41;50000
FR0010723635;18/12/09;0,22;0,22;0,21;0,21;32570
FR0010723809;18/12/09;0,84;0,84;0,84;0,84;1800
FR0010724260;18/12/09;0,15;0,15;0,15;0,15;8200
FR0010724559;18/12/09;0,17;0,17;0,13;0,13;59500
FR0010724591;18/12/09;0,25;0,25;0,23;0,23;8000
FR0010731018;18/12/09;1,05;1,05;1,05;1,05;28000
FR0010737114;18/12/09;0,90;0,90;0,90;0,90;2700
FR0010737197;18/12/09;1,94;1,94;1,85;1,85;1750
FR0010737205;18/12/09;1,30;1,34;1,24;1,24;13675
FR0010737213;18/12/09;0,90;0,90;0,89;0,89;1605
FR0010737221;18/12/09;0,49;0,50;0,46;0,46;23000
FR0010740217;18/12/09;0,05;0,05;0,03;0,03;105500
FR0010740464;18/12/09;1,08;1,08;1,08;1,08;1000
FR0010740514;18/12/09;1,35;1,35;1,28;1,28;32000
FR0010740597;18/12/09;0,33;0,33;0,33;0,33;14500
FR0010749101;18/12/09;1,66;1,66;1,60;1,60;4600
FR0010759027;18/12/09;0,41;0,43;0,40;0,40;46664
FR0010759068;18/12/09;0,52;0,52;0,52;0,52;21852
FR0010759134;18/12/09;0,13;0,13;0,10;0,10;311243
FR0010759142;18/12/09;0,03;0,03;0,03;0,03;94000
FR0010759159;18/12/09;0,21;0,21;0,18;0,18;66500
FR0010759191;18/12/09;0,31;0,31;0,31;0,31;12161
FR0010759332;18/12/09;0,63;0,63;0,63;0,63;1500
FR0010759357;18/12/09;0,34;0,36;0,34;0,34;24343
FR0010759365;18/12/09;0,31;0,31;0,28;0,28;74740
FR0010759373;18/12/09;0,13;0,13;0,12;0,12;46000
FR0010759415;18/12/09;0,36;0,36;0,36;0,36;2000
FR0010759571;18/12/09;0,17;0,17;0,17;0,17;30000
FR0010759654;18/12/09;0,10;0,10;0,09;0,09;42000
FR0010759662;18/12/09;0,08;0,08;0,08;0,08;7440
FR0010759944;18/12/09;0,16;0,16;0,14;0,14;90700
FR0010760140;18/12/09;0,56;0,56;0,54;0,56;12200
FR0010760272;18/12/09;0,25;0,26;0,23;0,23;32500
FR0010773853;18/12/09;0,15;0,15;0,15;0,15;3700
FR0010774018;18/12/09;0,50;0,51;0,45;0,45;32750
FR0010774265;18/12/09;0,60;0,60;0,58;0,58;16277
FR0010774455;18/12/09;0,20;0,20;0,20;0,20;10500
FR0010774489;18/12/09;0,19;0,19;0,19;0,19;40500
FR0010774562;18/12/09;0,37;0,40;0,32;0,32;318000
FR0010774570;18/12/09;0,08;0,08;0,07;0,07;122200
FR0010774729;18/12/09;0,32;0,32;0,32;0,32;42400
