NL0006079956;18/12/09;1,84;1,84;1,84;1,84;800
NL0006246290;18/12/09;1,42;1,53;1,42;1,53;27500
NL0006452195;18/12/09;0,05;0,05;0,05;0,05;10000
NL0006528135;18/12/09;0,88;0,88;0,81;0,81;98000
NL0006528549;18/12/09;1,07;1,07;1,02;1,02;20735
NL0006528556;18/12/09;0,71;0,71;0,71;0,71;4908
NL0006529158;18/12/09;0,51;0,51;0,47;0,47;8500
NL0006529711;18/12/09;0,71;0,71;0,70;0,70;8500
NL0006529737;18/12/09;0,66;0,67;0,63;0,63;637850
NL0006529745;18/12/09;0,33;0,33;0,30;0,30;569500
NL0006529901;18/12/09;0,03;0,03;0,03;0,03;77029
NL0006529919;18/12/09;0,28;0,28;0,26;0,28;805500
NL0006530230;18/12/09;0,35;0,38;0,35;0,38;1000
NL0006530941;18/12/09;0,41;0,41;0,41;0,41;15000
NL0006531162;18/12/09;0,21;0,21;0,21;0,21;5000
NL0006531170;18/12/09;1,15;1,15;1,15;1,15;700
NL0009114073;18/12/09;0,70;0,70;0,59;0,59;39000
NL0009114727;18/12/09;1,04;1,04;1,00;1,00;1500
NL0009114941;18/12/09;0,52;0,52;0,52;0,52;20000
NL0009115708;18/12/09;0,23;0,25;0,23;0,25;46900
NL0009116052;18/12/09;0,09;0,09;0,09;0,09;6000
NL0009116383;18/12/09;0,86;0,86;0,86;0,86;12710
NL0009116458;18/12/09;0,53;0,53;0,43;0,43;128500
NL0009130830;18/12/09;0,33;0,33;0,31;0,31;7000
NL0009131523;18/12/09;0,44;0,44;0,43;0,43;12400
NL0009131614;18/12/09;0,98;0,98;0,94;0,94;1810
NL0009131622;18/12/09;0,27;0,27;0,24;0,24;121950
NL0009131689;18/12/09;0,18;0,18;0,17;0,17;176000
NL0009131697;18/12/09;0,04;0,04;0,04;0,04;75000
NL0009131739;18/12/09;0,18;0,20;0,17;0,17;50000
NL0009131747;18/12/09;0,20;0,20;0,20;0,20;90000
NL0009131853;18/12/09;0,50;0,50;0,46;0,46;256669
NL0009131861;18/12/09;0,60;0,64;0,60;0,62;35785
NL0009132034;18/12/09;0,77;0,77;0,69;0,69;389200
NL0009132042;18/12/09;0,50;0,52;0,45;0,45;1089000
NL0009132109;18/12/09;0,10;0,11;0,10;0,11;300000
NL0009132489;18/12/09;0,08;0,08;0,08;0,08;233000
NL0009132505;18/12/09;0,22;0,24;0,22;0,24;100500
NL0009133073;18/12/09;0,12;0,12;0,12;0,12;3400
NL0009133131;18/12/09;0,27;0,30;0,26;0,29;168500
NL0009133156;18/12/09;0,21;0,21;0,20;0,20;13630
NL0009133883;18/12/09;0,16;0,18;0,15;0,15;113400
NL0009133966;18/12/09;0,20;0,21;0,20;0,20;32000
NL0009134030;18/12/09;0,92;0,95;0,92;0,95;150000
NL0009134121;18/12/09;0,33;0,33;0,30;0,30;9000
DE000CG2CQC3;18/12/09;0,11;0,11;0,10;0,10;77000
DE000CG2CQH2;18/12/09;0,05;0,05;0,05;0,05;260000
DE000CG2CQZ4;18/12/09;0,06;0,06;0,06;0,06;40800
DE000CG2CRL2;18/12/09;0,09;0,09;0,09;0,09;16000
DE000CG2CRW9;18/12/09;0,39;0,39;0,35;0,35;13900
DE000CG2CWG2;18/12/09;1,76;1,76;1,65;1,65;6000
DE000CG2CWN8;18/12/09;0,39;0,39;0,38;0,38;17000
DE000CG2CWP3;18/12/09;0,22;0,22;0,20;0,20;16000
DE000CG2CXG0;18/12/09;0,29;0,29;0,28;0,29;8002
DE000CG2CXH8;18/12/09;0,13;0,13;0,12;0,13;74500
DE000CM4HTQ4;18/12/09;0,18;0,18;0,18;0,18;7500
DE000CM4KSE6;18/12/09;0,54;0,54;0,51;0,51;46100
DE000CM6PCE4;18/12/09;0,42;0,42;0,42;0,42;4000
DE000CM6PEJ9;18/12/09;0,12;0,12;0,12;0,12;27500
DE000CM6PFT5;18/12/09;0,20;0,20;0,16;0,16;327475
DE000CM6PKP3;18/12/09;1,05;1,06;1,05;1,06;4000
DE000CM6PMZ8;18/12/09;0,75;0,75;0,70;0,70;7665
DE000CM6PNT9;18/12/09;0,36;0,36;0,29;0,29;6900
DE000CM6PPX6;18/12/09;0,54;0,54;0,48;0,48;13181
DE000CM6PQE4;18/12/09;0,30;0,30;0,26;0,26;12009
FR0010205880;18/12/09;0,20;0,21;0,20;0,21;16400
FR0010246314;18/12/09;1,38;1,38;1,38;1,38;740
FR0010513333;18/12/09;0,44;0,48;0,44;0,48;5000
FR0010552687;18/12/09;0,08;0,08;0,08;0,08;17500
FR0010590455;18/12/09;0,09;0,09;0,09;0,09;122000
FR0010594762;18/12/09;0,19;0,20;0,19;0,19;160900
FR0010594986;18/12/09;0,06;0,06;0,05;0,05;454900
FR0010600924;18/12/09;1,49;1,49;1,49;1,49;1400
FR0010635060;18/12/09;0,11;0,11;0,11;0,11;54600
FR0010635516;18/12/09;0,06;0,06;0,06;0,06;659670
FR0010643098;18/12/09;0,03;0,03;0,03;0,03;20000
FR0010643338;18/12/09;0,25;0,25;0,23;0,24;26000
FR0010645044;18/12/09;0,16;0,16;0,16;0,16;25000
FR0010652313;18/12/09;0,26;0,27;0,22;0,22;168759
FR0010674119;18/12/09;1,91;1,91;1,73;1,74;3200
FR0010674127;18/12/09;1,20;1,22;1,10;1,13;73600
FR0010674135;18/12/09;0,33;0,33;0,33;0,33;60000
FR0010674150;18/12/09;1,92;1,92;1,92;1,92;800
FR0010676957;18/12/09;0,26;0,26;0,25;0,25;48000
FR0010677294;18/12/09;0,14;0,14;0,14;0,14;10500
FR0010677427;18/12/09;0,22;0,22;0,22;0,22;24770
FR0010677450;18/12/09;0,33;0,33;0,32;0,32;16000
FR0010679472;18/12/09;0,06;0,06;0,05;0,05;325750
FR0010694448;18/12/09;0,58;0,58;0,55;0,57;157200
FR0010694620;18/12/09;0,05;0,05;0,05;0,05;17000
FR0010694646;18/12/09;0,10;0,10;0,10;0,10;6333
FR0010694935;18/12/09;0,11;0,12;0,10;0,10;112000
FR0010694968;18/12/09;0,55;0,56;0,54;0,54;10900
FR0010716084;18/12/09;0,13;0,14;0,11;0,11;62786
FR0010716100;18/12/09;0,46;0,46;0,46;0,46;18600
FR0010723601;18/12/09;0,09;0,09;0,08;0,08;94722
FR0010723619;18/12/09;0,41;0,41;0,41;0,41;50000
FR0010723635;18/12/09;0,22;0,22;0,21;0,21;32570
FR0010723809;18/12/09;0,84;0,84;0,84;0,84;1800
FR0010724260;18/12/09;0,15;0,15;0,15;0,15;8200
FR0010724559;18/12/09;0,17;0,17;0,13;0,13;59500
FR0010724591;18/12/09;0,25;0,25;0,23;0,23;8000
FR0010731018;18/12/09;1,05;1,05;1,05;1,05;28000
FR0010737114;18/12/09;0,90;0,90;0,90;0,90;2700
FR0010737197;18/12/09;1,94;1,94;1,85;1,85;1750
FR0010737205;18/12/09;1,30;1,34;1,24;1,24;13675
FR0010737213;18/12/09;0,90;0,90;0,89;0,89;1605
FR0010737221;18/12/09;0,49;0,50;0,46;0,46;23000
FR0010740217;18/12/09;0,05;0,05;0,03;0,03;105500
FR0010740464;18/12/09;1,08;1,08;1,08;1,08;1000
FR0010740514;18/12/09;1,35;1,35;1,28;1,28;32000
FR0010740597;18/12/09;0,33;0,33;0,33;0,33;14500
FR0010749101;18/12/09;1,66;1,66;1,60;1,60;4600
FR0010759027;18/12/09;0,41;0,43;0,40;0,40;46664
FR0010759068;18/12/09;0,52;0,52;0,52;0,52;21852
FR0010759134;18/12/09;0,13;0,13;0,10;0,10;311243
FR0010759142;18/12/09;0,03;0,03;0,03;0,03;94000
FR0010759159;18/12/09;0,21;0,21;0,18;0,18;66500
FR0010759191;18/12/09;0,31;0,31;0,31;0,31;12161
FR0010759332;18/12/09;0,63;0,63;0,63;0,63;1500
FR0010759357;18/12/09;0,34;0,36;0,34;0,34;24343
FR0010759365;18/12/09;0,31;0,31;0,28;0,28;74740
FR0010759373;18/12/09;0,13;0,13;0,12;0,12;46000
FR0010759415;18/12/09;0,36;0,36;0,36;0,36;2000
FR0010759571;18/12/09;0,17;0,17;0,17;0,17;30000
FR0010759654;18/12/09;0,10;0,10;0,09;0,09;42000
FR0010759662;18/12/09;0,08;0,08;0,08;0,08;7440
FR0010759944;18/12/09;0,16;0,16;0,14;0,14;90700
FR0010760140;18/12/09;0,56;0,56;0,54;0,56;12200
FR0010760272;18/12/09;0,25;0,26;0,23;0,23;32500
FR0010773853;18/12/09;0,15;0,15;0,15;0,15;3700
FR0010774018;18/12/09;0,50;0,51;0,45;0,45;32750
FR0010774265;18/12/09;0,60;0,60;0,58;0,58;16277
FR0010774455;18/12/09;0,20;0,20;0,20;0,20;10500
FR0010774489;18/12/09;0,19;0,19;0,19;0,19;40500
FR0010774562;18/12/09;0,37;0,40;0,32;0,32;318000
FR0010774570;18/12/09;0,08;0,08;0,07;0,07;122200
FR0010774729;18/12/09;0,32;0,32;0,32;0,32;42400
